103
105
104
100
102
114
100
120
116
104
122
106
120
117
118
108
119
122
97
112
108
111
119
104
118
98
102
109
106
110
120
121
121
108
103
110
110
99
116
108
119
117
110
108
120
98
97
101
119
103
117
109
107
108
97
117
105
118
107
101
117
111
100
113
103
121
114
115
119
102
114
102
116
113
111
107
112
103
118
107
122
98
109
107
106
103
119
106
114
115
105
102
114
107
112
102
98
113
118
97
119
104
115
97
113
119
107
115
97
108
97
100
101
115
99
121
105
121
99
97
107
103
105
102
122
104
121
118
102
112
120
122
110
103
102
101
99
119
118
120
120
117
109
111
112
106
106
110
111
113
116
121
110
121
101
121
98
115
111
101
106
108
117
108
105
107
119
118
108
109
105
117
108
115
117
107
104
98
102
106
103
116
102
112
104
122
121
105
113
111
98
122
106
114
106
102
109
103
104
106
104
104
109
119
114
118
109
121
120
120
109
115
110
115
120
111
107
104
121
104
105
108
121
97
110
115
116
99
111
117
102
105
122
103
116
120
110
120
105
117
119
104
99
102
115
116
115
101
108
113
103
102
121
105
116
106
106
115
99
113
109
122
117
101
99
111
109
119
121
98
98
112
112
114
100
119
117
118
100
122
105
98
104
103
108
105
101
118
113
119
107
119
108
101
98
117
104
113
97
101
105
102
103
101
101
108
110
115
98
99
104
117
105
115
109
105
119
121
110
109
109
99
115
111
106
106
119
118
122
109
103
122
103
97
105
115
99
100
116
106
102
104
109
112
104
114
110
99
115
104
115
119
117
110
109
104
111
99
120
112
101
106
103
122
104
112
121
110
109
112
122
100
111
115
118
100
119
103
114
102
107
120
121
121
99
117
105
111
108
98
121
119
107
111
105
101
102
120
116
115
102
122
100
99
108
98
102
106
102
109
106
118
103
107
100
115
106
100
115
119
115
114
108
105
119
107
102
99
109
103
99
103
111
104
114
118
97
121
107
111
118
113
121
110
103
113
109
118
102
121
107
115
115
99
109
122
103
115
109
105
116
97
106
107
101
116
100
115
104
105
112
101
119
107
120
100
110
101
122
109
108
112
113
97
100
103
109
120
100
105
105
120
97
112
98
102
121
101
106
109
101
106
97
107
103
122
99
103
118
118
113
115
114
109
117
112
112
109
122
106
104
120
109
108
113
112
112
104
107
109
114
116
101
106
121
117
111
112
108
111
109
110
111
117
105
101
109
104
98
97
116
118
118
98
107
104
113
111
104
122
106
117
105
102
97
103
116
98
117
98
114
118
100
107
113
121
116
121
109
113
97
122
119
116
113
116
121
117
116
108
100
111
115
106
109
115
111
121
108
102
110
97
110
117
103
104
97
100
117
115
102
114
99
113
116
101
103
113
116
99
120
113
112
120
105
101
100
118
102
104
107
97
102
118
121
107
115
99
107
112
106
120
110
98
97
115
106
116
121
103
109
97
114
106
118
103
115
107
104
107
103
99
100
112
100
102
116
112
107
119
99
120
111
116
106
109
111
99
120
121
114
117
120
101
113
100
120
105
104
109
115
116
112
106
112
104
117
97
111
118
107
120
111
121
114
118
100
102
99
116
109
115
97
110
107
107
122
103
114
111
106
99
109
118
119
119
113
115
110
120
114
102
104
122
101
112
116
117
120
119
122
97
104
99
111
109
113
110
108
100
102
116
101
115
101
110
110
122
112
105
113
120
114
120
112
98
101
103
105
111
104
112
112
120
117
102
100
102
113
122
112
104
111
118
102
99
99
112
104
117
105
118
122
112
116
107
112
101
97
121
103
104
101
111
107
115
109
114
97
117
118
106
98
97
107
121
117
103
116
112
100
101
103
104
99
122
117
111
111
108
117
103
97
101
120
101
101
102
108
121
109
106
115
111
105
121
106
116
120
115
116
122
122
114
122
97
100
106
103
110
114
111
120
99
98
97
117
106
118
110
113
100
108
108
107
109
114
101
104
98
103
115
113
115
99
122
119
100
105
110
114
97
97
106
102
98
114
108
112
106
99
116
98
97
110
122
114
99
103
107
118
112
111
119
109
122
109
102
121
102
113
105
100
118
121
112
103
117
117
121
112
101
116
111
105
105
109
106
101
104
109
111
107
122
103
105
97
98
114
99
99
121
111
103
101
117
109
101
112
110
102
112
112
102
117
102
111
99
108
116
119
114
121
106
104
103
100
110
115
114
114
113
115
110
106
109
121
111
105
109
116
107
98
115
109
99
105
111
105
114
