94
62
62
93
126
92
38
92
63
96
38
94
95
44
94
43
40
62
59
92
92
63
40
37
91
93
96
61
36
47
94
58
91
64
96
91
92
94
35
59
92
33
95
64
42
34
34
46
62
41
92
45
38
63
94
45
92
58
60
62
35
64
92
96
61
43
94
92
93
36
59
61
93
43
93
91
64
62
93
59
36
94
59
37
59
62
126
62
33
59
94
61
126
96
96
95
38
46
60
91
91
126
92
63
96
61
35
63
64
91
62
37
123
40
41
43
62
96
92
58
59
62
92
124
35
44
34
96
63
96
91
40
33
93
125
92
96
61
92
34
36
94
42
91
44
60
92
96
33
61
63
39
36
94
46
92
39
93
92
125
91
63
94
64
95
64
46
96
63
60
45
60
62
60
62
61
34
63
126
37
38
94
61
62
46
94
60
41
37
95
59
38
62
94
60
93
93
64
45
91
39
59
96
40
63
126
62
58
45
46
45
38
63
64
93
93
33
40
61
60
62
42
40
59
93
64
96
34
59
61
45
94
95
62
95
42
64
62
94
64
94
33
61
45
64
61
59
92
45
59
123
64
46
58
92
37
93
61
46
46
58
43
93
47
44
93
94
40
96
35
36
91
95
59
63
92
61
126
45
96
92
64
94
41
124
96
59
125
92
95
42
125
91
94
61
125
46
44
37
63
94
60
95
63
42
62
62
63
94
34
94
91
91
61
93
61
62
44
38
60
42
125
36
60
91
93
60
34
38
95
96
40
64
93
44
91
92
38
95
60
35
92
94
43
92
63
58
59
59
94
63
95
61
46
61
93
44
64
59
59
36
95
61
45
58
34
96
60
96
93
125
59
62
35
60
95
92
63
58
43
36
59
94
93
95
60
40
94
92
60
91
125
36
91
62
61
60
61
61
40
93
47
59
95
61
96
45
59
63
93
60
40
61
94
34
64
95
58
93
45
93
35
93
58
92
59
94
92
38
94
95
93
46
96
92
94
60
37
63
43
60
94
35
63
95
38
59
58
62
94
124
94
93
94
64
39
95
61
61
92
61
62
94
94
93
96
62
62
94
33
58
123
95
64
62
60
91
92
33
36
37
38
60
94
61
93
125
93
59
38
60
59
59
58
39
95
44
60
92
63
59
95
94
47
64
91
64
63
123
96
59
93
94
46
92
59
94
91
95
94
42
43
125
93
62
125
64
93
91
64
63
92
93
94
92
64
42
93
63
59
94
47
33
92
44
42
94
64
92
60
37
34
92
95
63
91
96
126
62
62
58
91
95
93
34
37
94
62
58
94
40
64
44
45
95
59
96
93
59
61
41
63
39
125
95
63
96
96
95
62
34
62
34
94
92
61
91
46
93
95
91
124
92
61
94
63
42
92
42
94
91
63
58
63
60
93
62
96
94
62
60
37
62
58
63
91
93
37
125
62
123
92
47
93
61
33
64
36
33
37
63
93
39
92
91
39
92
94
63
60
59
47
92
41
95
62
59
33
126
59
39
60
42
60
59
92
96
37
96
92
96
94
64
58
124
63
59
43
35
64
61
44
62
41
91
63
60
40
43
41
42
45
96
37
96
94
61
60
59
43
61
46
62
63
63
126
63
42
64
96
60
58
92
92
59
34
62
61
124
59
40
96
58
61
36
63
64
36
60
62
58
58
47
41
96
59
92
33
93
60
47
94
38
42
60
58
93
58
63
36
37
39
61
61
63
95
95
94
63
93
91
60
41
63
59
126
92
62
40
62
61
61
96
96
47
126
41
37
61
63
41
35
33
46
126
41
95
94
123
60
95
58
42
94
95
93
95
33
126
94
38
62
124
44
35
45
95
124
43
60
96
45
96
63
94
38
96
91
92
59
62
93
61
47
62
92
63
35
61
62
93
63
46
58
91
95
42
43
94
62
36
123
96
93
44
46
59
40
94
62
40
33
62
58
96
64
94
63
59
125
126
47
35
93
95
40
41
96
46
93
58
42
45
59
62
63
94
36
44
95
40
33
47
42
96
96
94
59
33
93
91
36
61
36
123
92
125
33
45
92
92
91
92
96
45
63
64
42
46
46
126
91
96
60
36
93
94
95
96
61
61
59
62
94
45
94
59
62
41
94
62
42
35
94
64
95
47
126
38
36
46
60
95
92
94
63
40
92
59
62
34
92
92
123
38
40
94
38
96
92
60
37
61
41
61
93
95
61
96
59
60
46
93
59
36
125
93
59
44
95
46
125
43
91
33
59
95
93
59
60
37
91
39
41
93
40
38
94
37
62
