116
85
118
71
67
112
78
67
103
109
109
114
73
103
98
84
115
73
87
99
68
80
108
106
84
114
115
117
104
89
65
74
72
81
119
65
112
88
87
119
80
118
115
86
86
71
69
98
84
97
110
120
119
110
69
118
97
70
111
85
112
102
81
73
86
72
81
107
102
103
121
67
101
79
106
71
74
69
77
119
75
103
99
83
71
72
112
106
75
107
88
75
89
118
115
109
107
67
86
111
86
104
66
111
119
104
104
73
76
88
70
102
65
87
88
116
73
84
99
117
113
86
111
97
69
75
67
80
70
82
83
100
101
69
119
110
87
72
71
83
121
66
109
78
87
72
103
74
75
65
75
81
83
89
89
71
111
77
68
103
118
65
70
121
121
111
102
107
78
98
100
77
74
73
65
103
104
114
66
120
101
110
111
120
69
66
119
75
74
73
67
102
118
87
103
115
88
83
76
105
76
80
84
78
120
71
110
119
117
85
103
114
118
118
106
76
113
66
99
85
121
108
103
67
83
85
114
84
99
106
77
98
101
82
118
77
111
100
107
101
82
106
81
107
101
83
68
110
77
85
78
74
87
83
86
100
110
71
67
109
119
87
78
84
65
101
104
103
68
120
76
105
79
72
106
99
82
97
109
65
78
104
98
110
80
67
104
113
102
99
87
85
114
111
83
119
85
101
71
122
113
104
80
104
120
117
97
106
70
102
70
86
83
71
78
119
66
107
114
106
121
69
74
110
75
97
119
75
69
120
103
108
77
114
69
72
99
108
70
65
71
108
120
73
65
86
114
68
112
85
109
78
85
67
77
84
120
103
67
81
101
106
105
76
74
76
79
80
107
80
77
74
85
115
119
101
81
69
72
100
111
82
121
100
99
88
112
115
89
72
72
73
113
79
101
66
114
87
104
120
103
106
68
69
108
82
77
71
98
87
108
119
102
105
75
97
114
113
103
97
76
104
115
100
74
89
79
99
86
109
74
65
100
71
102
73
65
115
114
102
97
110
112
67
73
75
108
105
121
100
70
114
109
120
79
73
85
72
80
99
77
71
82
83
76
87
113
81
120
75
88
98
99
75
76
104
89
82
104
99
66
103
106
65
82
105
104
105
89
113
77
121
101
111
108
119
119
65
89
112
89
75
75
110
70
76
99
66
110
66
104
114
71
87
71
109
79
82
98
114
104
108
85
86
107
77
76
107
102
102
76
101
104
120
70
100
87
113
106
66
99
112
75
84
66
87
117
116
120
105
65
78
77
117
114
86
71
77
105
105
65
82
86
97
71
98
79
112
102
80
121
88
85
88
102
109
119
117
68
114
79
82
117
65
108
99
104
69
69
74
88
87
65
66
121
117
79
67
117
111
82
115
87
83
75
79
75
118
78
103
82
117
70
89
70
117
66
74
75
115
76
119
112
97
87
115
71
65
117
77
85
75
83
103
120
104
89
107
112
115
121
114
67
112
101
107
74
85
66
116
76
81
109
87
109
77
77
114
100
116
108
102
120
88
75
112
98
115
68
67
114
89
110
104
81
85
85
70
71
106
83
81
108
83
73
110
81
103
110
109
67
105
120
112
97
120
109
120
109
75
108
83
68
71
75
116
65
121
74
100
81
67
74
112
82
108
68
115
112
72
120
67
74
109
88
118
119
108
107
115
68
119
89
86
78
75
110
109
98
112
82
120
86
118
72
112
106
79
81
116
115
77
105
110
69
84
81
82
105
80
114
105
86
73
85
78
79
66
67
75
101
119
75
116
108
101
78
77
75
74
113
117
101
70
76
77
77
87
104
111
81
71
120
100
108
117
76
76
112
71
82
66
68
110
109
70
77
89
83
115
103
73
98
87
119
75
77
79
106
107
122
89
79
76
114
72
86
67
73
69
87
67
110
118
81
115
121
72
97
80
106
68
84
100
116
102
106
86
104
100
73
86
85
107
119
69
98
100
105
86
86
105
69
114
80
67
108
112
88
116
69
105
69
102
68
100
117
104
79
80
65
97
117
70
82
65
76
72
119
109
121
73
106
100
80
67
67
79
112
97
87
68
117
116
97
78
108
108
101
113
67
98
84
66
107
82
72
80
101
75
83
69
121
120
73
70
110
85
116
85
103
108
115
116
114
73
79
75
85
67
97
109
112
99
97
118
83
74
83
111
121
107
99
104
116
113
118
87
69
119
70
99
101
99
105
84
75
85
103
77
105
120
87
111
110
119
102
97
73
115
74
110
101
71
101
75
99
67
74
77
74
74
69
116
106
109
104
82
113
70
