50
49
107
48
101
118
117
115
51
77
99
82
57
73
66
54
107
71
54
48
104
99
50
101
51
54
111
109
102
106
118
114
70
48
104
109
119
74
55
54
84
52
53
116
72
67
101
121
109
57
53
50
52
81
72
70
102
75
103
53
109
115
74
78
83
110
119
106
98
98
117
88
89
106
100
120
69
79
87
52
114
84
78
81
100
52
104
98
71
48
104
109
65
106
120
48
99
89
121
53
117
50
67
121
76
87
118
67
86
82
80
56
77
85
89
54
82
57
70
56
105
111
74
73
83
52
84
75
86
106
71
55
55
98
120
121
76
50
84
54
112
120
56
81
99
114
78
67
73
119
120
53
102
107
51
74
111
76
100
57
49
81
85
79
110
85
101
50
80
53
121
99
48
65
65
98
111
82
57
48
107
100
76
87
50
100
82
73
53
111
54
97
70
120
85
119
119
100
104
106
68
76
57
111
75
51
50
84
108
68
72
50
55
119
118
120
57
50
78
57
106
85
52
80
85
70
115
88
81
100
111
77
115
50
114
98
79
100
119
84
81
87
74
88
52
86
110
67
51
77
113
115
73
55
118
104
99
111
48
89
67
75
114
98
77
115
85
107
98
103
69
89
69
115
117
78
117
113
79
65
110
112
55
119
66
101
87
107
48
76
114
120
48
75
97
51
100
106
70
99
55
54
48
99
49
105
49
118
71
82
103
84
113
83
54
71
56
76
113
77
118
56
56
73
100
118
55
114
48
75
50
65
117
52
89
71
50
112
109
101
53
86
107
73
77
55
53
50
49
119
80
102
55
98
52
88
115
111
112
70
53
51
115
83
89
115
54
114
52
98
68
51
118
104
51
57
79
49
103
69
115
102
120
67
69
99
109
113
114
79
71
85
52
116
67
101
108
66
75
107
52
89
84
105
109
105
50
100
67
97
110
120
71
110
48
53
50
105
110
103
73
50
108
113
74
115
99
88
70
89
56
53
121
55
103
85
54
49
117
51
81
56
51
105
108
78
66
111
82
82
115
83
49
65
115
56
115
51
110
80
55
71
71
82
79
110
84
111
54
78
108
57
77
104
89
106
65
100
87
97
120
85
57
50
117
97
77
52
97
56
121
86
105
68
76
104
84
54
103
50
104
103
54
79
78
114
99
53
48
80
110
76
71
76
52
72
118
70
106
89
120
80
113
77
83
118
51
117
117
70
98
113
77
82
104
53
50
98
65
108
89
54
97
51
86
57
117
115
82
70
81
101
48
50
101
65
56
118
74
68
48
50
79
71
70
81
67
70
74
75
99
56
121
112
66
49
84
67
56
88
121
113
118
50
71
113
84
108
48
118
57
105
82
54
67
68
48
118
87
118
52
118
76
72
99
100
57
76
106
54
110
120
80
49
66
112
89
69
84
119
99
52
78
99
110
56
113
113
48
102
105
110
87
73
84
113
51
65
81
80
55
99
53
111
68
85
107
68
77
66
53
57
115
65
108
50
49
114
51
66
81
57
48
86
82
100
83
56
79
75
78
88
77
67
69
97
104
98
70
54
117
73
104
54
114
51
87
117
116
97
75
106
77
54
111
107
84
72
54
54
55
71
49
67
72
121
107
48
99
109
119
103
97
70
83
106
49
100
99
76
67
109
85
57
55
50
106
73
104
79
107
111
87
111
76
100
115
70
97
48
83
66
112
83
68
49
53
65
97
71
53
86
84
110
79
50
50
81
69
55
72
83
108
113
107
65
72
86
73
50
51
53
79
120
106
50
65
97
55
83
73
68
83
53
112
73
50
74
99
82
81
69
51
68
69
86
79
67
78
50
48
73
89
48
71
75
71
80
48
106
52
114
51
50
109
71
100
99
49
87
54
50
80
68
48
79
51
85
67
102
102
121
113
49
105
69
51
86
71
109
87
98
67
105
110
79
50
50
97
56
121
86
53
102
82
53
54
107
105
57
109
120
109
86
57
100
112
106
79
81
80
52
89
119
104
53
105
68
111
65
75
106
103
78
52
50
83
112
72
67
73
119
103
109
82
88
49
78
99
67
119
48
54
110
121
76
118
86
120
55
53
117
112
118
119
108
120
57
54
88
114
74
104
69
82
71
117
117
54
69
118
85
119
103
88
107
68
120
97
107
48
108
116
101
86
121
119
88
77
68
78
109
117
78
122
83
69
100
104
116
99
101
81
51
87
118
71
115
73
74
78
66
81
49
88
78
113
102
112
79
121
69
78
72
69
82
119
86
67
117
74
51
102
101
105
69
108
65
104
50
