87
80
86
88
90
77
90
71
81
87
84
73
72
83
89
85
77
67
72
67
80
89
68
70
78
89
84
84
68
80
68
77
77
81
65
86
68
81
85
78
90
72
70
70
75
75
68
69
90
73
83
67
79
90
71
71
85
77
76
84
90
69
84
76
80
84
83
76
74
70
85
73
84
68
81
88
89
90
79
69
83
82
88
86
82
67
70
82
69
80
72
88
87
86
70
74
77
78
88
78
89
86
87
67
90
73
86
90
82
84
70
86
69
75
90
67
86
67
77
83
84
76
70
69
83
90
85
84
73
82
89
67
68
78
68
86
86
84
89
66
79
83
69
90
69
68
86
82
90
65
90
80
85
65
87
83
67
75
71
88
68
89
80
76
76
87
78
89
70
86
79
88
69
79
88
84
71
66
80
83
88
82
69
71
89
78
77
72
78
87
79
89
89
70
68
71
68
79
82
77
73
80
78
67
77
68
67
83
81
83
81
78
70
88
82
86
72
83
72
82
81
68
81
77
77
83
90
65
86
89
67
70
73
82
74
76
82
85
71
86
75
65
78
82
82
90
87
84
89
90
81
85
87
89
72
75
85
84
72
85
73
73
75
76
78
84
82
75
82
74
76
85
86
74
79
72
86
68
68
86
77
90
83
79
74
82
83
84
73
77
89
86
65
87
67
80
83
69
67
85
74
70
66
85
67
69
65
78
81
77
85
81
72
70
80
76
90
88
88
66
69
90
87
66
65
75
76
76
83
87
67
85
76
73
70
74
68
78
76
74
80
68
88
75
74
74
71
88
83
74
79
86
79
80
71
74
66
88
74
74
70
79
77
67
74
69
89
76
82
69
72
82
68
79
86
86
65
71
89
72
72
65
68
73
83
78
78
70
71
81
66
88
85
66
82
79
80
69
67
86
86
81
81
79
87
66
71
72
78
80
90
89
65
81
66
77
83
80
71
80
74
73
80
79
73
89
87
80
65
65
69
83
79
88
79
83
86
87
75
71
89
78
80
80
88
75
74
73
86
76
70
71
71
84
81
65
77
75
78
79
86
89
77
84
80
88
89
76
65
69
84
65
79
89
90
88
90
87
79
71
68
86
65
88
74
70
81
70
83
80
72
81
75
67
81
88
81
78
85
75
68
75
75
82
68
75
87
71
90
66
78
66
67
69
86
68
87
89
72
66
90
83
85
79
76
76
70
67
85
88
73
71
87
88
77
69
81
67
66
90
67
90
90
81
82
73
69
69
82
88
66
72
78
88
70
66
81
90
81
83
89
84
86
88
83
85
65
90
72
66
73
83
67
71
90
79
80
87
73
67
89
82
67
77
67
66
80
69
73
83
79
76
65
71
68
75
66
68
85
79
81
84
82
85
86
66
83
70
86
70
83
69
82
86
73
70
90
89
83
69
75
77
90
79
84
84
68
89
80
69
84
76
68
86
82
73
82
73
79
90
75
74
79
82
82
71
86
90
87
79
90
70
81
82
70
66
75
71
83
71
79
67
71
73
83
69
65
70
74
67
75
86
74
79
65
80
84
67
78
81
76
90
90
65
70
69
82
79
68
81
84
89
87
84
70
82
87
68
82
76
74
71
71
88
65
79
70
88
67
77
89
85
85
90
84
83
71
87
67
66
66
80
79
78
89
88
79
69
82
66
84
83
86
77
89
84
78
87
84
67
89
68
74
86
70
74
81
74
89
65
90
89
73
72
70
70
65
78
68
88
78
66
67
75
79
75
73
72
81
73
79
78
77
74
73
84
75
73
74
69
87
69
71
79
78
88
89
74
85
73
76
75
76
90
88
78
81
89
75
83
81
88
82
81
67
75
66
85
82
65
73
70
70
67
71
86
70
87
76
66
70
86
69
69
74
87
79
65
81
67
66
86
83
87
80
90
83
83
76
78
79
80
90
79
83
70
86
90
65
80
67
81
73
71
77
71
72
69
87
81
65
86
85
73
74
68
82
80
76
89
69
73
84
70
86
76
82
67
87
85
80
79
82
90
86
67
88
72
76
86
76
76
78
72
84
89
72
84
86
84
80
84
65
83
89
76
70
83
88
72
88
89
67
73
90
83
76
79
69
85
76
68
73
69
74
68
68
65
70
83
80
86
87
68
81
72
75
66
86
77
79
72
68
83
84
68
72
85
86
78
82
73
85
88
87
77
90
71
81
66
73
69
69
76
79
88
69
89
73
84
67
72
81
88
78
82
86
82
69
68
77
81
84
74
75
71
65
76
82
86
74
69
85
82
68
89
77
75
80
85
